1.950000000000000000e+02 2.540000000000000000e+02 3.900000000000000000e+01 1.030000000000000000e+02
1.958009109497070312e+02 2.542828941345214844e+02 3.867778015136718750e+01 1.046662979125976562e+02
1.978816051483154297e+02 2.549812088012695312e+02 3.825098037719726562e+01 1.054879608154296875e+02
2.006618518829345703e+02 2.570720901489257812e+02 3.839065170288085938e+01 1.053262786865234375e+02
2.039624118804931641e+02 2.570191383361816406e+02 3.871949386596679688e+01 1.070420761108398438e+02
2.058754730224609375e+02 2.569602470397949219e+02 3.905554199218750000e+01 1.067361831665039062e+02
2.082066478729248047e+02 2.588700141906738281e+02 3.937720108032226562e+01 1.042183456420898438e+02
2.093680553436279297e+02 2.583826599121093750e+02 4.083057022094726562e+01 1.056827697753906250e+02
2.121792221069335938e+02 2.607810173034667969e+02 4.649940490722656250e+01 1.035708389282226562e+02
2.160529804229736328e+02 2.627236557006835938e+02 4.657760238647460938e+01 1.040080108642578125e+02
2.175781745910644531e+02 2.642519874572753906e+02 4.531819915771484375e+01 1.046710128784179688e+02
2.203361568450927734e+02 2.634822196960449219e+02 4.389018630981445312e+01 1.053591690063476562e+02
2.230952396392822266e+02 2.605351257324218750e+02 4.291947555541992188e+01 1.084958190917968750e+02
2.281475276947021484e+02 2.640995864868164062e+02 3.928032302856445312e+01 1.047643890380859375e+02
2.326039581298828125e+02 2.615089454650878906e+02 3.909851074218750000e+01 1.077991104125976562e+02
2.350669193267822266e+02 2.627660751342773438e+02 3.862980270385742188e+01 1.078638916015625000e+02
2.367038116455078125e+02 2.642030715942382812e+02 3.901718139648437500e+01 1.053723449707031250e+02
2.399627189636230469e+02 2.671464576721191406e+02 3.873343658447265625e+01 1.017130813598632812e+02
2.426149444580078125e+02 2.667384338378906250e+02 3.911380004882812500e+01 1.039487457275390625e+02
2.455081329345703125e+02 2.677648735046386719e+02 3.883572387695312500e+01 1.019551925659179688e+02
2.477741584777832031e+02 2.675111503601074219e+02 3.879021453857421875e+01 1.089313583374023438e+02
2.502049102783203125e+02 2.673252868652343750e+02 4.135540771484375000e+01 1.104732208251953125e+02
2.536499900817871094e+02 2.662702407836914062e+02 4.151682281494140625e+01 1.116562500000000000e+02
2.554263687133789062e+02 2.646753082275390625e+02 4.198207092285156250e+01 1.119059600830078125e+02
2.580699272155761719e+02 2.671372718811035156e+02 4.103540802001953125e+01 1.090995864868164062e+02
2.584678688049316406e+02 2.643611831665039062e+02 4.700041961669921875e+01 1.134958801269531250e+02
2.628029003143310547e+02 2.680255126953125000e+02 4.841891860961914062e+01 1.129657440185546875e+02
2.661575222015380859e+02 2.618714447021484375e+02 4.787544631958007812e+01 1.202086029052734375e+02
2.695547313690185547e+02 2.639463882446289062e+02 4.640390396118164062e+01 1.201337280273437500e+02
2.719337902069091797e+02 2.679522438049316406e+02 4.500287246704101562e+01 1.144524307250976562e+02
2.776301994323730469e+02 2.652595214843750000e+02 4.076190948486328125e+01 1.186614837646484375e+02
2.730879993438720703e+02 2.655509757995605469e+02 4.750042343139648438e+01 1.190804367065429688e+02
2.772352771759033203e+02 2.574221878051757812e+02 4.591930770874023438e+01 1.289138183593750000e+02
2.825624370574951172e+02 2.710007934570312500e+02 4.450891494750976562e+01 1.132388458251953125e+02
2.873635959625244141e+02 2.746337089538574219e+02 4.033481979370117188e+01 1.115597457885742188e+02
2.890188274383544922e+02 2.761576728820800781e+02 4.103277969360351562e+01 1.119503860473632812e+02
2.927161750793457031e+02 2.812373504638671875e+02 3.916326141357421875e+01 1.052726287841796875e+02
2.956096134185791016e+02 2.794795227050781250e+02 3.981309127807617188e+01 1.141005401611328125e+02
2.995010719299316406e+02 2.744764060974121094e+02 4.037209320068359375e+01 1.189687423706054688e+02
3.000295886993408203e+02 2.795794486999511719e+02 4.289574813842773438e+01 1.142517623901367188e+02
3.052635211944580078e+02 2.793029136657714844e+02 4.153152084350585938e+01 1.149582748413085938e+02
3.062531642913818359e+02 2.805222434997558594e+02 4.341786575317382812e+01 1.133510971069335938e+02
3.090079021453857422e+02 2.802530059814453125e+02 4.670425796508789062e+01 1.138486480712890625e+02
3.115114612579345703e+02 2.805038642883300781e+02 5.351977157592773438e+01 1.166105728149414062e+02
3.140508346557617188e+02 2.832584457397460938e+02 5.344325256347656250e+01 1.141120300292968750e+02
3.150961971282958984e+02 2.855517616271972656e+02 5.378715896606445312e+01 1.144579849243164062e+02
3.175391254425048828e+02 2.841377334594726562e+02 5.195772933959960938e+01 1.158617553710937500e+02
3.232866458892822266e+02 2.832447128295898438e+02 4.927979660034179688e+01 1.171054992675781250e+02
3.280851306915283203e+02 2.846686973571777344e+02 4.543764877319335938e+01 1.157496871948242188e+02
3.368160476684570312e+02 2.842324790954589844e+02 4.301094055175781250e+01 1.168340072631835938e+02
3.399148540496826172e+02 2.812879676818847656e+02 4.159729385375976562e+01 1.206158218383789062e+02
3.445319671630859375e+02 2.867094306945800781e+02 4.141104125976562500e+01 1.134879837036132812e+02
3.465835952758789062e+02 2.886220054626464844e+02 4.486393737792968750e+01 1.125819931030273438e+02
3.484608726501464844e+02 2.913485908508300781e+02 4.947360992431640625e+01 1.133214187622070312e+02
3.506418170928955078e+02 2.924745254516601562e+02 4.972738265991210938e+01 1.140269165039062500e+02
3.529157047271728516e+02 2.933661460876464844e+02 4.910892868041992188e+01 1.148061447143554688e+02
3.604214363098144531e+02 2.939661178588867188e+02 4.523552703857421875e+01 1.150876464843750000e+02
3.661472682952880859e+02 2.926884002685546875e+02 4.376222610473632812e+01 1.150713348388671875e+02
3.721854839324951172e+02 2.891342620849609375e+02 4.400842666625976562e+01 1.183403778076171875e+02
3.749913349151611328e+02 2.919194488525390625e+02 4.520360946655273438e+01 1.151087493896484375e+02
3.788470401763916016e+02 2.935731010437011719e+02 5.618043136596679688e+01 1.147200851440429688e+02
3.816151123046875000e+02 2.967392616271972656e+02 6.405368041992187500e+01 1.127291641235351562e+02
3.833233051300048828e+02 2.993905067443847656e+02 6.278734970092773438e+01 1.102859573364257812e+02
3.863251018524169922e+02 2.990061111450195312e+02 6.154187393188476562e+01 1.132008056640625000e+02
3.952511043548583984e+02 2.950566520690917969e+02 5.428233718872070312e+01 1.150296859741210938e+02
4.071809463500976562e+02 2.945093955993652344e+02 4.490391540527343750e+01 1.192685470581054688e+02
4.118179836273193359e+02 2.933787651062011719e+02 4.346226882934570312e+01 1.198136825561523438e+02
4.171207160949707031e+02 2.950754470825195312e+02 4.260411834716796875e+01 1.182581787109375000e+02
4.215159931182861328e+02 2.973231582641601562e+02 4.338018417358398438e+01 1.169720458984375000e+02
4.239987659454345703e+02 3.006032638549804688e+02 4.825448226928710938e+01 1.164746093750000000e+02
4.273569316864013672e+02 3.027394752502441406e+02 4.789044570922851562e+01 1.139090652465820312e+02
4.302564697265625000e+02 3.027186126708984375e+02 4.769204711914062500e+01 1.152684478759765625e+02
4.325343704223632812e+02 3.030797042846679688e+02 4.880451965332031250e+01 1.153537902832031250e+02
4.412760887145996094e+02 3.021156883239746094e+02 4.474018096923828125e+01 1.184281539916992188e+02
4.461320133209228516e+02 3.020671958923339844e+02 4.523902511596679688e+01 1.193127670288085938e+02
4.509454383850097656e+02 3.015151176452636719e+02 4.606407928466796875e+01 1.194681015014648438e+02
4.527323055267333984e+02 3.037217063903808594e+02 5.429286575317382812e+01 1.177589950561523438e+02
4.554570274353027344e+02 3.074723548889160156e+02 6.017862701416015625e+01 1.159259109497070312e+02
4.588261871337890625e+02 3.090709495544433594e+02 5.795883178710937500e+01 1.157268905639648438e+02
4.613786602020263672e+02 3.105935897827148438e+02 5.600220108032226562e+01 1.180895080566406250e+02
4.674798221588134766e+02 3.101665000915527344e+02 5.266804122924804688e+01 1.182643966674804688e+02
4.730328807830810547e+02 3.088471069335937500e+02 4.913714981079101562e+01 1.205083770751953125e+02
4.806697330474853516e+02 3.083213195800781250e+02 4.431522750854492188e+01 1.213842010498046875e+02
4.871069812774658203e+02 3.095934944152832031e+02 4.425283432006835938e+01 1.230093154907226562e+02
4.934058170318603516e+02 3.097023086547851562e+02 4.401258468627929688e+01 1.209573059082031250e+02
4.951940708160400391e+02 3.131882476806640625e+02 4.921479415893554688e+01 1.195699920654296875e+02
4.971179027557373047e+02 3.140604934692382812e+02 5.110358047485351562e+01 1.224925537109375000e+02
4.993071975708007812e+02 3.104974594116210938e+02 5.151670837402343750e+01 1.289997863769531250e+02
4.989845790863037109e+02 3.149834403991699219e+02 5.358360671997070312e+01 1.243579940795898438e+02
5.052931461334228516e+02 3.137883491516113281e+02 5.306818771362304688e+01 1.262506179809570312e+02
5.063461914062500000e+02 3.126529922485351562e+02 5.600158691406250000e+01 1.277434082031250000e+02
5.151193866729736328e+02 3.132059402465820312e+02 5.307433700561523438e+01 1.266373596191406250e+02
5.202136001586914062e+02 3.135650482177734375e+02 5.241627502441406250e+01 1.265052337646484375e+02
5.267295322418212891e+02 3.171061553955078125e+02 6.239161300659179688e+01 1.227890777587890625e+02
5.286125640869140625e+02 3.190881118774414062e+02 6.623669433593750000e+01 1.231414794921875000e+02
5.315212707519531250e+02 3.186839332580566406e+02 6.663714599609375000e+01 1.248665237426757812e+02
5.366753234863281250e+02 3.208201484680175781e+02 6.529953002929687500e+01 1.258452224731445312e+02
5.401182918548583984e+02 3.218686065673828125e+02 6.184828567504882812e+01 1.254415435791015625e+02
5.496722717285156250e+02 3.190450286865234375e+02 5.618292236328125000e+01 1.280482025146484375e+02
5.584108352661132812e+02 3.186624221801757812e+02 4.844068908691406250e+01 1.288292541503906250e+02
5.627273597717285156e+02 3.183617858886718750e+02 4.683873748779296875e+01 1.293086700439453125e+02
5.698006324768066406e+02 3.198468627929687500e+02 4.501848602294921875e+01 1.283492889404296875e+02
